SIMP
NP=2048
SW=72000
SFRQ=188.150765458
TYPE=SPE
FORMAT=TEXT
DATA
0.0431369669 -1.74735585
0.114795552 -1.88956366
0.115412398 -1.79366103
0.0486784024 -1.8751834
0.0165661848 -1.9212101
0.0723570174 -2.03540222
0.0473139952 -2.03914791
0.18183893 -2.19347501
0.184107661 -2.02945548
0.135841738 -2.28912347
0.435317496 -2.30249027
0.638500891 -2.1494491
0.550716726 -1.7361953
0.159771006 -1.86972249
0.278170992 -2.07027879
0.349424526 -2.04818482
0.385959944 -1.98986668
0.316889086 -1.94855556
0.277556891 -2.02018549
0.355569095 -2.01785911
0.280043616 -1.96786512
0.293788116 -2.01051342
0.178083923 -1.98350223
0.198922657 -2.15414178
0.184252979 -2.14524403
0.279867897 -2.37870683
0.531534441 -2.23081224
0.459130211 -2.08603783
0.378181278 -2.08224916
0.392431671 -2.09109966
0.222524384 -2.05287355
0.216402692 -2.38335992
0.516508248 -2.39115208
0.576744998 -2.25647992
0.578782646 -2.2508997
0.777977489 -2.19094673
0.751756875 -1.85859495
0.521648487 -1.71142097
0.167043714 -1.74237502
0.0841246395 -2.0727998
0.123184737 -2.22551077
0.380373922 -2.41439029
0.512554743 -2.1147691
0.30593367 -2.09245471
0.146117416 -2.21896091
0.337325072 -2.65766536
0.869283181 -2.39350297
0.707051385 -2.03891832
0.618912334 -2.00997836
0.527389013 -1.91575684
0.405104606 -1.91649846
0.313838006 -1.92376745
0.197764665 -2.0149418
0.214106709 -2.10682545
0.199474456 -2.19349949
0.344796507 -2.18298854
0.183311673 -2.08776373
0.180760856 -2.29507144
0.293934409 -2.3034085
0.381153673 -2.19894746
0.167624824 -2.13669555
0.232686033 -2.3101725
0.150907359 -2.25892081
0.347289252 -2.49407597
0.454081708 -2.07536464
0.086054927 -2.13220751
0.128799014 -2.28016625
0.13702165 -2.27078058
0.0297006241 -2.27105899
0.0124177901 -2.43309037
0.0374733725 -2.44392663
0.0182575053 -2.56532377
0.114724753 -2.65437305
0.271401034 -2.63511601
0.254591489 -2.50888875
0.230979597 -2.4891733
0.0916565336 -2.48593987
0.158667476 -2.64017366
0.165843602 -2.55336478
0.151902499 -2.61047665
0.0833636945 -2.59527244
0.118696727 -2.73343542
0.143343537 -2.71049771
0.214536068 -2.73216046
0.0783170068 -2.67655278
0.200698683 -2.89721295
0.249049397 -2.65965511
0.0936486294 -2.76307545
0.0873281757 -2.81351876
0.168202512 -2.95790282
0.206105302 -2.82981232
0.153018715 -2.98401215
0.335553871 -2.92718846
0.239945834 -2.7917383
0.0837199617 -2.92503351
0.289573294 -3.04417887
0.247011119 -2.87322868
0.265802857 -2.95357555
0.144677609 -2.80022251
0.053137928 -3.04136825
0.10732638 -3.04237941
0.158115125 -3.19214944
0.235627151 -3.07877512
0.216398512 -3.14206319
0.220677158 -3.02134801
0.109958124 -3.0944349
0.0512706244 -3.09286893
0.00350145749 -3.27003017
0.0323638324 -3.29980724
0.082554336 -3.43927792
0.0782129001 -3.350762
0.0146874515 -3.63058924
0.347025519 -3.63724551
0.342004759 -3.39886399
0.0882772675 -3.38061437
0.0386752285 -3.66029317
0.145350246 -3.78504235
0.381444603 -3.8978578
0.52981272 -3.61476757
0.310224483 -3.47088269
0.0257514809 -3.57857405
0.00578970962 -3.92260263
0.0981496679 -4.07893666
0.250158536 -4.26759008
0.4021721 -4.44231111
1.08080892 -4.44208316
1.01480808 -3.51221025
0.269307134 -3.65889352
0.188723304 -4.06990989
0.429554708 -4.40007384
0.577093159 -4.19894442
0.444282452 -4.39805038
0.520488239 -4.46399925
0.612308261 -4.91004303
1.3154458 -4.77027222
1.21836579 -4.26030288
0.927434924 -4.24646056
0.77606551 -4.41940199
0.604561313 -4.79943842
1.30098938 -5.47276269
2.03549169 -4.60855016
1.40428346 -4.38646678
1.57926077 -4.47971328
1.28422744 -4.51644309
1.71998206 -4.67963151
1.42863473 -4.24671392
1.25096423 -4.62960828
0.988308989 -4.79926132
1.35723018 -5.84393664
2.32479483 -5.53399396
2.41679432 -5.54340322
3.21633824 -5.09287498
2.59535105 -4.38811297
2.18779355 -5.34289449
3.83190476 -6.12562407
5.20063089 -3.88617771
3.00402009 -2.83951718
3.12755667 -4.52876293
4.55972941 -3.6180207
3.87732619 -1.9086363
1.86696635 -1.95272066
1.5158379 -3.72022265
2.57566399 -4.21676329
2.91548875 -3.86157196
2.9861482 -4.29288552
4.49288298 -4.13104877
4.55996955 -2.1869985
2.99507391 -1.87626421
2.9603552 -3.22240631
4.77529726 -2.51546287
3.81498707 -0.440353018
2.5695264 -0.535800863
1.51268006 -0.518768377
1.09640398 -1.72043492
1.51888243 -1.54367636
0.729873295 -1.59347498
0.490451613 -2.40024227
0.965614148 -2.92534719
1.35164506 -2.73953319
1.3131984 -2.34673394
0.524117943 -2.33090214
0.367991759 -3.15254718
0.420915505 -3.78979998
1.73512839 -4.56440726
2.6913187 -3.0419375
1.78693307 -2.12302771
0.525129712 -2.16992796
0.339335493 -3.75990452
1.56423728 -3.44974815
0.646822344 -3.08901926
1.00223369 -4.17510153
1.72812322 -3.41768742
0.825853773 -3.28304357
0.974450239 -3.86963811
0.899767363 -4.09115863
1.75735239 -4.42061908
1.66531729 -3.4416267
1.18224348 -3.75843517
0.909172735 -3.83361271
1.01946544 -4.65898642
1.34913281 -4.57639087
1.71281104 -5.24634119
2.72820758 -4.48218276
2.04097065 -3.60701792
0.884964031 -4.01842171
1.05670286 -5.46177283
1.39493375 -5.81983153
2.51625897 -7.94451122
6.578862 -6.75627319
6.43263293 -2.64389437
3.56599107 -1.74455395
2.78578249 -3.29650193
3.32350271 -3.22293662
2.74475608 -3.49480449
3.40135498 -4.31107793
4.91371775 -3.83924893
4.75908171 -1.54195987
2.70809476 -1.74261354
3.25687492 -2.50845116
2.89092859 -1.64237899
1.8568759 -2.30096949
2.30827591 -3.37729103
3.31038062 -3.35640311
4.00195637 -2.43091921
3.03979837 -1.19145463
2.15005422 -2.09421096
2.58021149 -1.97933752
1.89902013 -2.21305612
2.27786288 -2.65933859
2.39214703 -2.96495829
3.66878553 -2.91064057
3.89289684 -1.14723321
2.30538925 -0.262130219
1.0565847 -1.49021821
2.2824661 -2.43364011
2.82561016 -0.875974152
1.24929519 -0.334280175
0.630692554 -1.09988611
0.209682689 -1.54775602
0.564406283 -2.47295578
1.03270761 -1.88352073
0.299020773 -1.91239782
0.0901237852 -2.34616698
0.138726904 -3.06511577
0.803841082 -3.07532956
0.776576309 -2.91705695
0.877675361 -2.7315375
0.427207927 -2.73246858
0.50866681 -3.17548775
0.811255104 -3.02420403
0.347668059 -2.74236741
0.0977607086 -3.4710447
0.529041403 -3.51449991
0.429640867 -3.73224946
0.958453363 -3.68041034
0.717318764 -3.29042595
0.489575911 -3.42259098
0.37365443 -3.52779331
0.155206773 -3.65198928
0.0415220824 -4.14811509
0.294495118 -4.46431424
0.668779405 -4.7225924
1.03789102 -4.34245389
0.666432834 -4.15656819
0.277609998 -4.45555433
0.347114881 -5.32233395
1.11534751 -5.82122545
2.55057221 -5.73910006
2.64665991 -3.53919639
0.64804034 -4.23084878
2.06219289 -5.05554163
1.79146997 -3.96927208
1.58481964 -4.35709311
1.46631182 -4.26574541
1.85279662 -4.52621507
1.69315909 -3.6004497
0.699529328 -4.00832126
0.730936896 -4.59909273
0.612373457 -5.06901196
1.03198328 -5.91701022
2.07647472 -6.00574135
2.50975237 -5.69011019
3.44900643 -5.30395293
3.14415435 -3.60975672
1.89192529 -4.04567925
2.42136897 -3.99256566
1.22311013 -3.64916771
1.1395764 -5.1798542
2.49711479 -5.13811995
2.18046931 -3.8658424
1.05602912 -4.86303241
2.65366533 -5.18671318
1.86330607 -3.71750979
0.951284048 -4.60509179
0.493060914 -5.31925106
1.07287705 -7.08166527
2.58029 -7.77086456
5.59570968 -7.50308588
5.91697501 -3.04779066
2.17764396 -2.88538945
1.54155979 -5.03425033
3.04696418 -7.06571331
5.83851405 -5.70326325
5.79851165 -3.84724338
5.48984865 -1.68455582
2.50763731 -1.49546345
2.93837369 -3.0470404
2.65398913 -2.0427477
1.70527643 -2.70402365
1.69695963 -3.40406732
2.39033823 -3.7537864
2.5585207 -2.92914768
1.64135528 -2.87255859
1.7020805 -3.93820227
3.03934566 -3.32012304
1.80561099 -1.8384313
0.640924367 -2.92425102
0.831594706 -3.35737922
0.636392401 -4.03620147
1.77479845 -4.28139263
1.64527954 -2.90874256
0.291276082 -3.22607874
0.367711894 -4.03457301
0.358515904 -4.19211113
0.34057515 -4.53280259
0.309446914 -4.89864281
0.74966841 -5.25606141
0.610463109 -5.02742688
0.638373283 -6.28620499
2.67902734 -6.01486473
2.21974028 -4.19691144
1.35756103 -4.5609774
1.3508416 -4.59215279
1.24284476 -4.80198439
1.28422271 -4.55674996
0.783322909 -4.64157273
0.697073895 -5.00797581
0.694039239 -5.13652071
0.497039384 -5.51250043
1.11818505 -5.78692548
0.774002287 -5.2238941
0.684326767 -6.16609247
1.34898897 -5.66013044
0.654100973 -5.71809834
0.877723391 -6.09905373
0.920293599 -6.19443507
0.928721786 -6.15441272
0.779619334 -6.79700244
1.94703447 -6.7948307
1.56618948 -5.57103767
0.514333965 -6.2606015
1.28833393 -7.02543213
1.69837846 -6.36775401
1.2677101 -5.98180169
0.475327768 -6.27007157
0.864946052 -7.12609122
0.961615016 -6.60298149
0.678724551 -7.17794666
0.890392545 -6.93374074
0.447472389 -7.39378355
0.699514825 -7.4996584
0.560822681 -7.81401622
0.528841121 -7.61359897
-0.0887527091 -8.41141075
0.37020128 -8.81705134
0.239027096 -9.36832432
0.322800587 -9.53429487
0.139217563 -11.7968542
4.4434987 -11.7763747
3.60008415 -7.33857402
0.171097195 -8.4423406
0.395383139 -10.7918427
1.25328483 -11.4614427
1.72694226 -12.9346782
5.56729903 -12.9577183
5.05236769 -7.81872422
0.137047776 -9.09608559
0.167460649 -12.2188207
0.718141056 -15.2233966
4.77354036 -15.8322256
3.72882705 -15.6544497
10.2007881 -18.9548957
12.8400988 -8.28140693
2.85989632 -8.46730839
3.273449 -15.1084127
7.15113464 -18.6569895
14.0988495 -16.1674035
12.3276979 -11.0177336
12.2709763 -12.5692304
13.9890754 -9.49405014
11.3050762 -8.27058307
11.7864127 -9.55573744
12.5234168 -7.7096793
11.5448116 -6.87737925
10.0789619 -5.45455149
7.26440922 -8.14451306
10.4695891 -10.4871397
12.0411785 -8.64706183
12.0432919 -7.23770554
11.4363593 -7.14388434
12.6827083 -5.6352438
9.86446995 -3.32666834
6.57836277 -4.33116328
3.86817963 -9.31142097
9.28328632 -14.1130025
13.5462666 -11.9917806
16.1848616 -8.27646142
11.3840505 -4.43818176
9.93858933 -9.21496857
10.1262073 -10.3454137
15.7147141 -17.1908913
24.8538947 -7.04883057
14.9773623 -4.3289427
22.3352414 -11.1515715
28.4981423 0.814395295
20.2572648 9.40286864
9.45211616 6.99420068
11.063117 -4.39129069
22.5801278 1.01633108
15.0681061 12.1229436
6.46348453 7.64650013
6.10792465 3.13648968
7.30345974 1.3916263
6.09811054 0.511939323
9.30633682 -4.49774195
15.5965065 0.716826493
11.5979185 5.28411305
10.1490528 6.05853274
5.03717933 7.13662958
3.50288596 1.59063451
6.56954549 1.90960019
3.5771478 2.43290642
4.82234782 -1.91337485
8.54998405 0.596519862
6.26599133 3.11605296
4.09685682 3.30200951
1.21208744 1.03803587
2.40825217 -1.83382066
2.57047726 -3.43887931
7.32441234 -6.01602913
11.1306313 0.125253038
6.38346491 4.42358741
1.65509262 2.86652542
0.754393244 -1.5799191
3.83928704 -2.10265731
1.83188635 -0.615884006
1.39936458 -3.98630283
2.78376623 -3.83209601
2.35472572 -5.62604515
4.39455722 -6.08299874
5.32883084 -7.24957415
9.12610324 -4.81495207
5.37215621 -2.21132958
6.40616586 -5.15075329
6.86472046 -1.24980961
1.89800716 -1.97993588
1.04598085 -6.45931677
2.91701936 -9.67945975
7.00379695 -11.6133403
9.46328885 -7.79478752
6.02732927 -10.9601917
16.0395632 -12.6930788
13.1655377 -2.71756845
10.0481226 -11.4036291
21.8012833 -9.94341155
23.6865284 0.518384396
16.7748164 8.19088456
9.03112689 4.37926902
11.1656859 2.02695383
8.89852012 3.92492347
5.96903007 0.247768868
10.4822326 -3.86574927
14.2023607 2.08007996
8.16821535 3.54578544
9.17221565 -0.780646444
11.9524217 1.57245897
8.91583932 3.2933668
9.32868635 -0.633340129
14.1327957 2.13435727
11.8854273 7.2572146
6.73267771 8.14433147
4.6035065 2.85448258
9.65553627 3.57592698
5.55631 7.45933148
3.09007214 3.4963849
4.12936117 1.36443777
7.17382095 -0.288809256
10.5080531 3.53794377
7.27210437 8.17671376
2.45150933 6.44672696
3.38201173 3.50658401
3.67298257 5.03323188
1.47663321 4.00435327
2.31450985 2.79112168
1.2342657 2.92024223
2.22026371 0.440451187
4.11234517 2.94568973
0.995961764 3.73811005
0.142745557 1.90041231
0.161848298 0.439221803
1.22915766 0.0225493527
1.00625198 -0.0660274486
1.53268558 -0.428555312
1.45868636 -0.322958338
1.52843812 -0.329621883
1.02885433 -0.367752821
0.5117326 -0.841185852
0.549094369 -2.09951576
0.917724956 -2.00729122
0.518371424 -4.29967598
4.9607368 -4.25247908
3.92520748 0.169221446
0.863910324 -1.2606575
2.08402035 -3.02534895
2.80394498 -1.63077354
0.896245057 -1.65829717
0.615805977 -3.36866992
1.50989876 -4.96196256
3.86682674 -4.07563788
1.79215176 -2.38487663
0.975781574 -5.28448093
2.95608206 -6.35456087
4.88359314 -6.47498517
6.76507886 -4.19454634
4.51608885 -1.65086687
2.24910503 -3.98564569
4.3385035 -5.45296624
5.02936469 -4.37811619
5.0081637 -3.77580384
3.5635969 -3.48480648
3.3170416 -6.1098284
6.46802744 -6.56615584
7.37453072 -4.02859587
6.06920529 -2.11735696
2.06985158 -2.61934369
2.60945074 -8.2415139
6.05271309 -7.49560697
5.46533788 -10.3270544
13.5444528 -11.2654024
16.4909493 -4.08138447
15.1037641 1.57274495
8.75251191 5.3795765
2.95120139 1.38553145
3.88338671 -5.07372695
11.0581309 -4.78387911
8.40907223 1.71296008
4.88772719 -4.36171975
13.1263597 -4.74535141
12.8613921 2.98900901
8.14929425 4.56822596
4.45906201 3.26746894
4.50926557 -0.610649431
6.00327733 0.247123168
5.05372336 -1.66932599
8.58753016 -0.702409821
6.00930065 1.75486174
4.56345826 0.0263385233
4.61135062 -3.1611649
10.1204347 -3.00130038
8.9336882 0.73000168
10.950549 0.245924399
9.58118635 6.09836253
5.60124965 4.81839817
4.67066815 5.12210914
2.7519091 3.28684025
2.58173333 2.28844157
3.70049552 -0.136464204
6.0427673 2.78543708
2.35872348 3.78158488
1.80399521 1.42284241
2.88279611 0.620686756
3.27974398 1.94177915
1.50091537 1.55933898
1.87982906 0.62979125
1.1634021 0.350014526
1.85457847 -1.58628226
4.3056203 -0.73133256
3.11033341 1.55087021
2.02848001 0.258694059
2.62644957 1.07557423
0.665624925 0.741398631
1.35848742 -0.740599205
1.68673084 0.0319352796
0.450822041 -0.0720889337
0.182329403 -1.78085822
1.57097304 -2.44480801
2.39002139 -1.94930664
2.47656648 -1.02033638
1.66215077 -0.867251478
1.57535279 -1.07536272
1.12795523 -0.97811966
0.598212112 -1.422511
0.503148296 -2.15378876
0.68701229 -2.56022376
0.98459028 -3.14930203
1.48888753 -2.78881827
0.614333828 -3.41982995
2.51079752 -4.66358514
3.34838325 -2.34373145
1.74877308 -2.45619954
2.57668533 -2.59071128
1.5046592 -1.64827017
0.658179938 -2.65738237
0.512677997 -3.78178318
2.30748254 -4.67447115
2.51608939 -2.45005955
0.564965 -3.47240107
1.77228954 -4.96696816
3.61351123 -4.77098218
4.38589458 -1.83479997
1.01166994 -0.889995748
0.26335113 -3.07806715
0.590331721 -3.71596439
0.925284074 -4.27149918
1.23660609 -4.73520135
2.60251154 -4.62130183
2.24144506 -2.93177613
1.02497197 -3.19793062
0.676613464 -3.51196932
0.226574412 -4.00786466
0.0645018426 -4.7247523
0.619402181 -5.22791394
0.457481542 -4.9163239
0.274063724 -5.72983184
0.754607607 -5.79772388
0.660627706 -5.85343793
0.377967732 -5.96380421
0.208637898 -6.8406502
0.707620975 -7.47620227
1.83655284 -8.02155287
2.9220865 -6.48309056
1.33891065 -5.38042802
0.0679500134 -6.34294353
0.0170086884 -7.56550948
0.291028559 -8.188904
0.542379956 -8.91630992
1.02174638 -9.62776731
2.60204631 -9.96112768
2.68732629 -7.98536476
0.832085641 -8.64530844
0.704549964 -10.1017579
1.99031195 -12.1681382
4.33164592 -10.6335263
2.81944398 -10.4096817
4.32102295 -10.9070423
3.45508319 -10.0511871
3.96855807 -11.2286476
4.39726489 -10.775712
4.8743071 -10.646924
4.0045412 -9.76226642
2.82869512 -11.1349737
3.56338863 -13.1231691
5.6638355 -13.1824837
5.66755223 -12.776817
7.35516931 -13.0262333
7.43126313 -10.8274819
5.98854109 -10.288682
3.61870129 -11.0880456
3.92082886 -14.9088936
6.92432656 -15.1447747
6.44669937 -13.9057771
5.17468391 -17.0281289
10.8787316 -19.8932363
14.0921972 -13.5137272
7.6235504 -12.0299285
7.88449509 -19.6058174
15.8775976 -18.7067323
14.0878647 -12.7428961
9.8368509 -16.5057412
15.4388454 -22.8183544
25.2014112 -16.4105516
18.7406609 -6.48360257
10.0688227 -11.4657921
10.9240292 -23.1487994
27.4797223 -26.1625756
28.27565 -12.7538993
26.9910213 -20.3023176
40.1620576 -14.433637
42.5780407 -5.28267437
41.3946422 10.8288329
24.6828386 10.0700186
33.4934731 7.64810458
23.2053422 21.2750874
16.4723913 11.4141861
19.1295899 17.1712177
7.62312188 16.9305217
6.05384726 10.0243564
4.80969117 7.82577457
5.99833016 1.79154025
12.8240891 3.85942246
9.18930034 9.8312033
4.8433498 8.27079081
1.94533714 6.41691897
1.26903822 2.67301672
1.16627886 0.4262913
4.14259326 -2.61982992
6.06712554 0.663239355
3.22048726 1.13922217
0.867798247 -0.47209184
1.79403887 -5.71118649
7.06784341 -3.58694748
2.87401283 -0.618863241
1.84787376 -5.08785243
4.01302415 -4.76551756
1.9515842 -4.86236836
1.38186596 -8.06857052
3.9828882 -11.6171903
9.62405873 -9.95697238
7.81497213 -4.71895828
4.27443821 -6.18739972
3.56655703 -7.84802952
2.75388855 -9.89659906
2.51698023 -13.2931925
6.35899101 -16.9197854
10.3724101 -15.0180834
9.08846358 -12.0681256
4.38905321 -16.5503633
12.1136132 -23.5544571
14.7455675 -18.0343573
15.4136022 -26.6350231
32.6303675 -23.3101866
33.6413052 -6.62161212
22.1861925 0.710296027
12.919775 -7.2471351
17.8763945 -13.2705246
18.0175037 -13.7419178
21.6552255 -20.7685773
35.7388251 -22.1824729
45.1236063 -4.57131008
29.3559803 3.6225974
32.8318721 -8.05725796
42.386235 4.75350086
32.1563561 14.0969874
23.5191584 12.1564669
23.4627826 4.61804521
31.1138024 10.3330213
20.451789 18.49185
13.239707 9.03577866
18.9696075 3.40375898
23.8233101 8.20216592
17.3058281 11.1180289
19.5797758 3.99649924
24.3117841 11.0014186
18.9408616 12.1290503
19.2790837 13.3220666
14.7576438 11.0026104
22.2699715 9.81834781
19.2801285 20.2715459
11.9100417 18.00125
10.7501665 18.0602559
4.72530595 15.597208
6.67459949 8.54313518
12.1899089 11.2465216
8.01604377 16.7770416
0.862059059 13.3220844
1.69312508 6.42681956
4.94382781 5.63062209
5.80616048 4.59438815
8.52764166 5.93069918
5.93968141 7.62234799
6.24800015 4.91781002
7.04161628 7.36454926
2.65710736 5.50842185
6.35642595 0.819177169
8.59431398 4.62568759
7.05709269 3.22129156
10.4286972 5.60268965
5.12209119 8.6823447
2.74932647 3.13159218
7.61215946 0.703254095
10.4014944 6.30986683
3.81114917 9.46626791
0.293767608 4.72113945
0.641529171 2.02027251
0.475967161 -0.661013542
2.37985223 -3.49524852
4.59211672 -4.361909
6.84957394 -4.67518772
7.09973389 -4.05056371
10.4954338 -6.48338091
13.0215252 0.921257279
4.7458352 -0.437737807
7.70884084 -5.39481422
8.10888735 -7.33084274
15.4994365 -8.81818117
16.2913276 -3.62839327
19.1266808 -2.68836977
16.2188499 4.84020633
11.0766105 1.54856949
10.6681093 1.53290795
6.59677355 -3.77872884
13.0173819 -10.9402256
20.7184158 -7.96066822
21.5824876 -5.46156152
27.0841492 -4.05266533
27.7597895 3.11170055
28.771288 5.43022363
26.3286286 16.4431144
12.6353815 13.5003292
18.1153018 3.56784388
24.7906138 12.4122385
14.2571675 18.8036446
7.95713311 8.84947483
16.3222309 3.6708779
21.2133273 9.84179072
18.5585447 15.8764203
11.6373625 17.2399668
8.26334186 10.3691496
15.208935 7.50626453
17.7552164 14.8370597
11.1296409 19.0482832
5.23552478 15.3347764
3.98447992 9.90328812
8.16233441 3.15720588
17.6066284 7.29385806
13.8190294 13.3820424
15.6510608 12.6569492
12.438691 20.1425874
6.56710443 16.1844826
8.19796179 16.3081484
4.28205583 16.652027
2.67284414 13.0639148
4.998001 10.5203532
6.36362974 12.6236399
4.72892508 12.7366161
4.42069745 12.3929029
4.28690367 12.3117009
2.17982664 13.0371622
1.06317368 8.72611124
5.29396892 8.672472
4.03175675 11.4128776
2.2532028 9.3365608
5.40288053 8.25132846
4.9929498 12.4704231
1.65599353 10.5498729
3.72339349 10.3585472
1.26064395 11.656587
0.464282122 9.28134586
1.20897973 8.937547
0.547113691 8.88013507
0.412905673 7.47756685
1.35166314 7.4750261
0.76800516 7.60439122
0.496206132 6.99807391
0.364320956 6.07101192
1.35302672 5.33369887
2.01936585 6.10764458
0.947711667 6.41914719
0.64322526 5.22364369
0.774488347 4.2884587
2.80165126 3.0860144
3.8041114 5.9939372
1.02728165 5.38657457
2.7625852 3.95559863
2.19895687 5.27260009
2.29012983 2.89065882
5.57686807 4.48599768
3.15002513 7.34851626
1.48729677 5.59332604
1.28976186 4.38462115
3.54715369 2.98152388
3.77555697 6.38111157
1.04059839 4.34396314
3.76103684 3.59959608
3.6088732 5.06195731
3.2580138 6.04488378
0.845719825 5.54960908
1.50299809 3.11564659
2.99471691 2.81629604
4.54108088 3.53501756
4.47400514 5.24047874
3.74445961 6.06865377
2.46151918 6.51516344
1.33556712 5.8995033
1.00297903 4.85137468
1.18708776 4.56770005
0.765951584 3.5337709
2.57885278 3.1990338
1.77071871 4.97062747
0.49602531 3.23852823
2.03345161 2.39566233
2.64419962 3.08370998
2.76738637 3.51817321
2.58119314 4.44503436
0.761417089 4.51612425
0.746527307 2.2121899
2.74607349 2.80283063
1.44178356 4.24689661
0.0105224609 2.95622397
0.561322935 1.1264743
2.32901844 1.34132102
1.28039359 2.28429687
1.20034566 -0.0418533413
4.07531008 0.0587251147
4.27151988 2.66237906
2.05532087 2.96969945
1.99455412 0.935055564
3.96950837 1.16872125
3.5298756 3.29533793
1.08896752 2.62985458
1.94842192 0.29830429
3.41132368 1.23316089
2.24581262 1.69529906
2.19955175 -0.0901555763
4.5038979 -0.0959457533
4.33796561 1.92900485
3.1390812 1.56895769
3.56531504 0.847062189
4.2224357 1.62637043
2.79662611 1.87040713
3.200114 0.471616584
3.58568728 0.511531111
5.21816677 0.282707158
4.73001254 3.31393971
1.93685512 2.29023712
1.5812031 0.786917005
1.8010389 -1.59136672
4.09538156 -2.88843519
7.40618339 -2.81498438
9.12134488 1.59298737
5.87410371 3.70632661
3.06790242 2.48011944
4.10458149 -1.86880496
8.53648734 0.945592914
4.47447812 2.38554231
7.08539359 -1.12858798
9.82305173 3.38175347
6.22245991 6.68852813
1.7172683 5.12207002
1.7155319 0.331307371
5.60705009 -0.0038950366
4.834907 2.53071391
3.37137481 0.181185691
6.03519364 -1.18102479
8.30181394 0.613326934
5.96702348 3.16750589
5.55252007 -2.41673371
14.0032149 0.491275914
10.4373639 7.31507236
9.00921326 7.13255533
5.33655697 9.63703606
3.67795186 5.6424982
5.09187633 7.37543316
1.65947487 6.78501883
2.52553002 4.53723481
2.79425541 5.50671446
1.41936115 5.07647213
1.18758536 4.33726001
0.255899591 3.37105147
0.705029442 1.88185566
0.578604604 0.170070331
5.01725626 -2.11113326
8.25301639 3.61278919
3.83488795 6.86030846
0.761525251 5.31363646
0.187213809 2.96203459
0.95840064 2.34941968
0.351906203 1.60240157
1.69544675 0.384053175
2.11834389 1.79297197
0.683701925 1.07931541
1.33448142 0.00531913143
1.71881951 -0.642016155
3.33852766 -0.22911548
2.04880673 0.843247358
2.49071236 -0.58493475
2.64238652 1.01575461
0.733046828 0.32562538
0.411983439 -1.24553364
0.941320239 -2.70976336
1.65644999 -3.81078479
3.72980302 -4.23878933
3.11279589 -3.1632497
4.22473853 -5.53216973
5.01227378 -3.49601293
4.38824566 -7.50176691
11.2869167 -5.9752071
8.80454427 -0.98814757
7.20503788 -3.19402199
8.84264 -4.10990061
10.9333791 -3.07775374
10.4074793 -1.25293324
10.3754223 -2.36927538
13.6798899 -1.52171113
13.1147724 3.91199656
7.92944713 2.76698044
10.703305 0.208324472
10.5948812 3.46976589
8.65334187 2.55208245
8.4600425 1.53559134
10.6229078 -0.977204066
15.8126715 3.26120219
10.4685563 9.93441575
5.05098553 4.74873194
9.46914778 2.80902212
8.36536675 6.1551056
6.10747996 4.57486142
5.78582846 2.93727193
7.00006174 -0.217510315
12.6535305 -0.0398797051
13.5741084 6.61735221
8.34949088 6.7360267
11.2594048 4.86177749
9.90531458 10.0951198
6.11941583 7.1858491
8.98373669 7.86146184
4.57887345 9.51519913
5.30679166 4.37495598
9.49803236 7.7768931
5.24832089 11.6954959
0.707944086 9.28914939
0.513580229 5.0205177
2.48469428 3.7017982
3.7685304 2.44786655
7.01312822 4.12247261
4.55999363 7.03458511
3.68955972 4.62133226
5.33139052 6.18226109
2.13079783 7.46724407
0.806758116 4.43074772
1.41806341 3.65538044
1.31722504 0.624972903
6.94318806 0.690201861
5.55449542 6.4287566
1.50325876 3.90913336
4.41948992 1.78226419
5.07865039 5.12077244
1.21666475 4.75290755
1.96900203 1.27380869
4.14982679 1.67302039
4.28737906 3.11886763
2.38342994 3.59096452
1.37837084 1.30794191
2.90388168 -0.466511358
4.72220276 -0.118231837
4.91961833 0.883837713
3.78612379 1.15314105
3.31648784 -2.17226343
8.76904416 -3.06364519
10.4710748 1.6545704
8.50725224 4.88871253
3.85382184 4.2559519
5.60904748 0.145989505
6.97026418 2.97596645
5.19452861 1.78942557
6.58138398 2.56979189
3.23809931 2.65283928
3.69698197 -2.15140519
7.30144946 -2.41896422
8.28419155 -3.47095949
14.590411 -2.5109831
13.8919326 4.76328894
10.9417595 4.15565231
11.4136256 6.62770037
5.98422092 6.75446036
6.44945673 0.0181323858
14.1947736 1.70950242
10.4208673 8.41997406
8.06773621 2.65069335
14.1099381 4.53065005
12.803487 8.56472852
11.7495113 12.1052393
4.23796569 13.0281939
3.1447871 5.77053404
7.27350272 5.31671197
7.88517735 6.44602329
8.2928116 8.37948231
5.07905606 9.563275
2.32819766 6.13096219
5.40389941 0.535564977
12.8043663 3.39677127
10.7333443 8.2158448
12.2134533 8.38723594
9.67737237 14.1927371
5.63060131 11.5120718
6.54077085 12.305656
3.67286237 12.4731007
2.00919331 11.0810279
2.3105782 8.04758273
4.46875522 9.3446357
2.48211417 9.77488172
2.23977571 8.78291753
2.52297276 7.61609368
3.55391301 8.82012883
1.58273699 8.35402055
3.19009951 7.50341805
2.08705526 8.91547308
1.65718352 6.78411269
3.82987175 7.50374779
2.10010989 9.21268519
1.65944153 7.25719846
2.76125332 8.64451954
0.499968831 8.81913876
0.30881134 7.38645795
0.384995002 6.91773696
0.17679232 6.22751688
1.43906395 4.87867449
2.93426938 6.8706461
0.934395086 7.55424474
0.703771016 6.72083925
0.401448065 6.32480616
0.646795588 6.00396301
0.537908829 5.69084696
0.904322864 5.75952714
0.302442444 5.68391868
0.256438863 4.86356976
1.23483375 4.08132626
2.07534495 5.53706943
0.405075076 5.27746427
1.74024652 4.2947379
1.57242067 5.63187544
1.00405178 4.63208538
2.42359974 4.9358696
1.34797972 6.48897547
0.117889606 5.02953884
1.16870273 4.35006567
1.85700454 4.61404141
1.78051556 5.93408689
0.210554474 5.41569413
0.850561747 4.39537044
1.47058663 4.60423283
1.40750091 5.6070239
0.0737326566 5.14320437
0.634796524 4.31941073
0.761346674 4.32435666
1.0729356 4.41146212
0.809000575 4.18024655
1.77124431 4.24392182
1.31150522 5.33272718
0.539649226 5.1290374
0.233799064 4.72075143
0.149298565 4.39441034
0.308648794 3.76047591
1.00001965 4.22067221
0.141860687 4.42125674
0.191362295 3.83049665
0.149066014 3.47861699
0.913100281 3.32467936
0.687543924 3.93839571
0.409613272 3.60820757
0.413504314 3.34547762
0.791581596 3.07674568
1.18595579 3.40317578
0.898800824 4.06395799
-0.0100154077 3.71236014
0.182748526 3.00367785
0.395570155 2.84616892
0.428464661 2.80413506
0.454955907 2.00962024
2.01693029 2.1223544
1.75623775 3.72520683
0.544006145 3.62969573
0.209041485 2.74658155
0.697414566 2.15568532
1.2248529 2.0006419
1.88279126 2.36470002
1.65866839 3.02983906
1.18591418 2.90250847
1.40288784 2.45122624
1.82942808 2.93667992
1.2941498 3.09148482
1.44012846 2.97224075
1.07868081 3.18067951
0.94308156 2.78440971
1.0543802 2.72788133
0.971935387 2.71762135
0.826685981 2.56618013
0.753066559 2.20927401
1.29895015 1.90572806
1.34248114 2.65443947
0.499251939 2.29170072
0.536738868 1.62178878
0.746380853 0.760913255
1.84983784 0.219477906
3.33701685 0.553245751
3.65329547 2.66928403
1.74654353 2.86859241
1.46122753 1.602304
2.73894138 0.300728186
4.83472621 2.42388424
2.23134333 3.69145666
2.77134599 1.86658147
3.35532226 3.36837096
2.20413807 3.67567126
1.0033609 3.07221171
1.60977318 0.868924479
3.95038719 1.6185052
3.42616122 3.11767544
3.15770024 3.09206683
2.73046862 3.57985457
2.36708685 3.05883736
2.27439712 3.00918549
2.84540461 1.7281424
4.91330873 3.32862921
3.33720082 4.94020135
2.94387606 4.89816407
1.59001363 5.23319769
1.47825378 4.10444637
1.51911104 4.58442292
0.625168019 4.23714993
0.72818904 3.12934481
1.86710891 3.46272696
0.926642104 4.37129505
0.326354271 3.57729257
0.179290645 3.13308731
0.327927004 2.51252108
0.3497984 1.7423609
2.40622074 0.85005405
3.8011592 3.603347
1.50157723 5.16153456
0.0371431348 4.02966647
0.171729874 3.1171428
0.347761144 2.95792204
0.216179616 2.88865185
0.047521355 2.48039186
0.21084232 2.27013915
0.163670997 1.87930053
0.690505018 1.87582957
0.335844344 1.93106261
0.643651509 1.65852083
0.304307612 1.66273774
0.818511833 1.10654234
0.844215149 1.67341897
0.550768846 1.33615072
0.478072476 1.15147777
0.592400137 0.678116409
0.698306072 0.437271467
1.14479385 0.0941810112
1.05935111 -0.0580637294
2.21042305 -0.843745032
2.47489821 0.577286043
1.781704 -1.06268232
5.18799122 -0.892646296
4.6898841 2.8012642
2.05211113 2.35551103
2.3163579 1.12161606
2.56491978 1.0773608
2.74364587 0.971830607
2.82076883 0.618445932
4.11519337 0.81450948
3.37457188 2.53773862
1.98075867 1.2530676
3.18745614 0.191564981
4.30132337 0.854611576
3.80900013 1.74382174
3.87177071 0.713919113
5.50754456 1.70925548
4.47487071 3.41530058
2.90441508 2.9384246
3.11899649 1.07357615
5.55795432 1.52278117
4.67267921 4.09768651
2.55285465 2.54209359
4.9584778 0.865580603
6.56501856 3.38838779
5.49712552 4.94561267
4.22322671 6.05963065
2.14115995 4.8464452
3.89266567 3.61272412
3.92794537 5.84128438
2.33942284 5.76765192
1.76420679 5.86579645
0.245785814 4.97817735
1.02722565 3.27012534
2.14970815 4.19237183
0.871056981 4.97676646
-0.035116724 3.84842447
0.3430353 2.96270583
0.700249654 2.77402315
0.847738814 2.4351937
1.52451694 2.46015913
1.19834777 2.93695728
1.32004399 2.23090013
1.91148093 3.06304644
0.678549125 3.16527961
0.846508376 2.27370178
0.569713147 2.23151676
1.09484281 0.438144006
3.94432892 1.45862582
2.57378809 4.29698953
0.766232911 2.82764811
2.16368656 2.33860875
1.92188527 3.73827978
0.472639801 3.60792936
0.225271188 2.46556183
0.595706185 2.29228826
0.24432518 2.02402333
0.44999248 1.41397881
0.503076554 1.15360109
0.913861549 0.133108545
2.70949405 0.248117285
2.91084096 2.08712454
1.45829563 2.43710475
1.00743811 1.3260617
1.81425276 0.931431285
1.82519325 1.16056807
2.32249091 0.850473638
2.31501312 1.54758984
2.29671661 0.834098929
3.24447444 1.72041956
2.24726552 2.26897262
2.02713261 2.08444555
1.42100606 1.86154431
1.3788848 1.35874691
1.02955603 0.625595561
1.98536315 -0.530488845
3.37254534 -0.353988085
4.07493142 0.644880864
3.99093918 1.24716567
4.15136989 2.40084205
2.00911523 2.97605233
1.47488942 0.729811442
3.03881374 0.19698066
3.33569417 1.19640446
2.1428292 0.361873833
4.43676544 -1.34891652
6.19361752 1.22118865
4.81856383 2.608648
3.50553181 2.46998089
3.32383328 0.876673061
4.79071353 0.423642494
6.4519284 1.14634438
6.25527428 4.1686448
3.18894083 3.90913863
3.08996013 2.05161562
3.78059365 0.563526718
6.12012033 0.495885187
7.37370798 1.23328507
9.66110483 4.12998046
6.12478782 7.55356812
4.65522175 5.22412718
5.29983534 6.2224579
3.96624127 6.61691139
2.51827229 6.34996805
2.5916004 4.40492676
3.548884 5.32808102
2.28818838 4.95286168
2.85242358 4.05638218
4.11585947 3.72241864
5.13353459 6.38323196
1.70130486 6.94336011
2.39684668 4.5612226
2.74084017 6.10805492
1.71014369 4.8668468
3.64735824 5.44119714
1.85013347 7.36406934
0.609717463 5.89148237
0.791400089 5.72610358
0.207941905 5.27411013
0.15797139 4.65649882
0.340735294 4.20378743
0.0995666247 3.63286491
1.820576 2.32911996
3.3199956 5.0572271
0.743418606 5.99126098
0.0981725839 4.73012756
0.202471197 3.83381718
1.2212551 3.83519887
0.91074777 4.53717352
0.569325797 4.41911499
0.197298495 4.27191361
0.0946952345 3.76476232
0.475509455 3.41168356
0.692484371 3.85398341
0.140511948 3.61457513
0.597360116 3.29967263
0.49225628 3.56519692
0.431492368 3.28741201
0.662104017 3.28505686
0.486282083 3.52329523
0.210445049 3.08243129
0.597409676 2.84228005
0.888603054 2.92492763
0.748931354 3.39218636
0.305320519 2.73417928
1.25131574 2.57101632
1.3912608 3.21201454
1.12893917 3.81112729
0.1900385 3.60295779
0.243610493 2.93451487
0.483873784 2.37893144
1.55241368 2.6129786
1.20838774 3.42906162
1.14563824 3.41154007
0.693187763 3.84481538
0.238444787 3.43930459
0.197989518 3.17647019
0.134608611 2.90396721
0.418185467 2.38083889
1.18585009 2.90082501
0.333799342 3.38537713
0.336780024 2.69125717
0.434615195 2.83368045
0.452604955 2.6275606
0.398757969 2.60963226
0.757099301 2.30452229
0.789937791 2.90211088
0.335811317 2.31332201
1.45075849 2.24432153
1.17883276 3.56662066
0.0305297216 3.21868802
0.104971697 2.59288729
0.140036603 2.32240356
0.220836198 2.095479
0.252110291 1.20554047
2.27529934 0.779396218
3.13320507 3.22079239
1.13048265 4.18148628
0.620524252 2.88236854
1.43144824 3.15742353
0.710907632 3.67762305
0.423630734 3.2164535
0.386293701 3.08551251
0.453144053 2.94232304
0.395232126 2.95510769
0.457277422 2.88898017
0.317276441 2.9979006
0.193203365 2.83918312
0.132280105 2.71468673
0.191151933 2.54893655
0.253311184 2.4641264
0.43213211 2.4832079
0.324759984 2.61658949
0.272862456 2.51650323
0.240470704 2.46979942
0.301350032 2.42410058
0.204794836 2.4653252
0.11981992 2.33989156
0.0462668303 2.12529183
0.27782321 1.82524041
0.672026826 1.85736278
0.827905501 2.26052445
0.455531089 2.37622872
0.458879168 2.07680694
0.74684389 2.04437986
0.868069529 2.47343488
0.307364956 2.49702893
0.503494351 2.0353442
0.738373686 2.31864344
0.510685363 2.49577768
0.188906995 2.25698949
0.545833226 1.82934527
0.913556468 2.23081203
0.636358857 2.45639278
0.566837292 2.37332395
0.511460029 2.45545665
0.361506657 2.38150064
0.318577283 2.27015151
0.432440599 2.0684938
0.658646883 2.28850906
0.44324806 2.37808397
0.460290397 2.42288877
0.149686767 2.39952731
0.23159307 2.10911473
0.34022656 2.163733
0.269716871 2.20497281
0.243626865 1.97770208
0.598921714 2.11241273
0.304505969 2.39882598
0.163744477 2.229771
0.0453609386 2.13992159
0.0864620906 1.95461666
0.0714239988 1.78974035
0.49340539 1.58943699
0.761193273 2.09087343
0.377472498 2.43069364
-0.00432317149 2.22008179
0.0523974609 1.9787475
0.0768217266 1.93660931
0.0897275546 1.92635469
-0.0102893414 1.82945514
0.0767072881 1.73482525
0.0365544587 1.66264174
0.160520255 1.56773693
0.232145215 1.5114035
0.441910801 1.66120602
0.180017868 1.77165282
0.248667513 1.60399057
0.190685985 1.701328
0.112765575 1.61952075
-0.00423947658 1.46505722
0.157751097 1.26598161
0.211847065 1.24073886
0.322995603 1.21871629
0.197476147 1.05210447
0.657359008 0.860421822
0.496164351 1.10689061
0.816212641 0.273988013
2.21130166 0.843409283
1.95375919 2.32411028
0.940362908 2.51431637
0.572088964 2.25347724
0.262969256 1.95050008
0.385875858 1.53069352
0.621980196 1.34305979
1.18073058 1.41976123
1.18685522 2.16310254
0.565177977 2.29519063
0.326917325 1.95468555
0.400167175 1.79525545
0.375370408 1.68014554
0.527283515 1.60151004
0.536398461 1.59683701
0.714713053 1.63995056
0.487518745 1.74909354
0.666631388 1.37968545
1.0378439 1.78280265
0.60723097 2.10432923
0.333591714 1.7119986
0.692336791 1.50596245
0.868137152 1.71572864
0.952494058 1.95695757
0.671173537 2.27453662
0.362623168 2.11210929
0.370425386 1.99395346
0.2875134 2.00389032
0.217566824 1.80691378
0.39977914 1.85066039
0.137630403 1.87035445
0.354167919 1.56181121
0.526441048 1.93595736
0.157532301 2.04343667
-0.0149363823 1.80527528
0.0313489737 1.65217109
0.00692249931 1.49101239
0.321862014 1.32744969
0.461917296 1.67306253
0.199443591 1.72991611
0.204002147 1.59151101
0.236149338 1.68610667
0.0426985782 1.66342111
0.0503168414 1.49761283
0.0373080349 1.45758067
0.0841653868 1.25358856
0.394457747 1.27175477
0.35482097 1.60917346
0.090888504 1.49182357
0.237443793 1.4148152
0.153168834 1.51231272
0.0813453759 1.45491534
-0.00484438344 1.35350325
0.077252201 1.21916801
0.130249526 1.22365596
0.100022373 1.2116048
0.103094849 1.01374357
0.383437845 0.994516759
0.445859592 1.11567735
0.54344586 1.28625661
0.292995093 1.41926262
0.256695007 1.24348774
0.277850906 1.23662612
0.34426976 1.19402191
0.365456694 1.30576617
0.227428467 1.3300395
0.213959633 1.15069187
0.380633229 1.25002645
0.190312165 1.3119087
0.200063172 1.2385177
0.0551410523 1.20421031
0.114715902 1.02751697
0.101131611 0.986573534
0.215337165 0.796076235
0.44512789 0.798303945
0.60139313 1.00628673
0.463023602 1.15562485
0.421260449 1.20760939
0.144214211 1.19257217
0.174968754 0.847650503
0.453355249 0.817094373
0.50984523 1.09253737
0.176301048 0.977564199
0.500466765 0.731642397
0.521893988 1.01483331
0.45372087 0.968202063
0.307783005 0.942606251
0.508832426 0.644499645
0.66306236 0.895722142
0.675929368 0.805555409
0.756979448 1.14579216
0.342109257 0.988146246
0.598728908 0.744227015
0.634264528 0.791993602
0.795105956 0.688805007
0.993100191 0.668780021
1.49582137 0.932562349
1.23409317 1.695219
0.745511624 1.52557812
0.790120685 1.52973265
0.590146659 1.53387098
0.490622718 1.46645664
0.494649596 1.26167221
0.639362033 1.43215236
0.340989067 1.40189128
0.401725187 1.16862142
0.626499103 1.02811465
0.934506311 1.48457309
0.265461394 1.66192141
0.403068229 1.1127934
0.597041618 1.41677189
0.406679411 1.30580223
0.714137001 1.35136414
0.518413302 1.80045092
0.0873166665 1.62679653
0.116806976 1.44568088
0.0331947188 1.36021318
0.0878541913 1.24362074
0.0714959428 1.21283369
0.0420518592 1.07825519
0.300022188 0.857783799
0.595087067 1.28218406
0.15083536 1.44923978
0.0848317934 1.25201528
0.0352528757 1.09523911
0.307823292 1.09277323
0.128289543 1.31310955
0.0335607506 1.15605165
0.0043831125 1.09701523
0.0579768998 1.00802413
0.0693575948 0.983963615
0.13724882 1.00657092
0.00851013432 0.968315749
0.17164144 0.837840057
0.194799954 0.972498681
0.165614763 0.956803512
0.146355795 0.952035852
0.172606129 0.967236337
0.0754546614 0.969026315
0.0759268706 0.873778212
0.136303534 0.799017421
0.221916732 0.924190421
0.0141878316 0.871446479
0.159267978 0.716013653
0.232123514 0.747811874
0.331604189 0.898117966
0.0496748481 0.934146874
0.103221343 0.705794363
0.150521185 0.605289211
0.529114779 0.581063137
0.534677289 1.03513644
0.22105915 1.12033348
0.0180473401 0.917475768
0.196303197 0.768595338
0.194605937 0.877610984
0.167659898 0.886348776
0.0324391525 0.810694074
0.205217774 0.715212117
0.0969655523 0.818263784
0.188971867 0.639709815
0.227240781 0.813860058
0.106930091 0.738281253
0.16887108 0.614300322
0.379657699 0.698532556
0.182317918 0.896994662
0.14040137 0.658897965
0.300950109 0.755276942
0.172810628 0.882066621
-0.0160935918 0.7674277
0.0639115784 0.569649165
0.156740388 0.590274045
0.0961409568 0.58809243
0.109219941 0.278687951
0.705344937 0.265994219
0.77136158 0.899880333
0.344848198 1.05167528
0.197730662 0.815663516
0.376498295 0.852676795
0.163112399 0.992672664
0.0990936544 0.851595513
0.0206327331 0.817194385
0.0804153078 0.666651071
0.136249136 0.713451828
0.138493811 0.730289832
0.0730417605 0.72787316
0.115445447 0.697772742
0.0347768173 0.721614094
0.0597414128 0.646676701
0.0163485926 0.652921426
0.0596454698 0.58551371
0.030344478 0.60552654
0.0659632409 0.544597546
0.0600691197 0.562171376
0.0901137379 0.554357504
0.0131699474 0.559052275
0.0479456688 0.471498749
0.0462216202 0.453192516
0.127517518 0.404448198
0.165347779 0.421139026
0.259605258 0.507091194
0.101780667 0.591357495
0.0947107573 0.488935214
0.0637511247 0.465868544
0.138858441 0.422766187
0.0817470493 0.413425906
0.252065755 0.335621122
0.264451114 0.529145714
0.182161455 0.565800182
0.0362649311 0.533327403
0.113244616 0.384160716
0.146189384 0.455551065
0.141766587 0.438754664
0.108371781 0.429774704
0.186555251 0.399309541
0.146151177 0.471447821
0.145853207 0.434402444
0.117108632 0.425956647
0.208996245 0.423542327
0.12109086 0.524899831
0.0954613468 0.464422556
0.0318731065 0.46776172
0.0594051188 0.387638776
0.0387893627 0.400670154
0.0679087211 0.351975269
0.0549226611 0.338795633
0.154162 0.344517612
0.0566852178 0.4299112
0.0594777289 0.357743931
-0.00171452471 0.373674995
0.0298700658 0.293062642
-0.015486282 0.287201181
0.0964517976 0.180615881
0.14053682 0.307753573
0.0970757133 0.337475234
-0.00927846156 0.329730731
0.0360451927 0.219925923
0.0439504196 0.264767242
0.0438492218 0.231933372
0.022629751 0.225041295
0.0655566531 0.212060612
-0.0113752903 0.220550029
0.0354482211 0.138849395
0.0169117245 0.137183704
0.11159387 0.0870697263
0.0945787212 0.158748764
0.127953541 0.138279355
0.0694489279 0.191535712
0.0748582378 0.141449145
0.0139407882 0.141899407
0.0667138334 0.0539374411
0.0632421938 0.0793976824
0.0973352908 0.0452959514
0.0621690387 0.0115678451
0.238408638 -0.0140901944
0.127597534 0.172950921
0.0587072905 -0.020138869
0.193714628 -0.044320032
0.288059502 0.0139929562
0.268073817 0.134778953
0.206702181 0.198797175
0.0370174605 0.162146153
0.0952787707 0.00856040192
0.138316643 0.0229011941
0.209257297 0.0496267556
0.0978030874 0.110893033
0.108382116 0.00573493704
0.0903280356 -0.00870174074
0.193895056 -0.0737358764
0.176269929 -0.00576182354
0.258538796 -0.0695559961
0.278482631 0.0657090843
0.236506955 0.0915822744
0.131469768 0.121430297
0.108875679 0.0175723175
0.115037597 -0.0341967785
0.230917447 -0.0470534972
0.144487931 0.0179888071
0.236709587 -0.120296175
0.325703948 0.0358910392
0.258956577 0.114801729
0.103608166 0.131384853
0.0918626855 -0.0721277944
0.29225577 -0.0840769229
0.338042858 0.149240992
0.0909346903 0.169960339
0.138784321 0.0720218263
0.0145997249 0.0960605855
0.100905298 -0.0732340944
0.145359101 0.0491697158
0.0924237122 0.0525969738
-0.00617746287 0.0370105099
0.0425701427 -0.0810589326
0.0496049222 -0.0345807683
0.0512623243 -0.0718340946
0.00565591176 -0.0769213308
0.0483397279 -0.156403539
0.0655080836 -0.167878623
0.172931154 -0.140970391
0.0443298655 -0.0718753506
0.117292832 -0.191832989
0.0806246192 -0.0942720224
0.112038864 -0.21560811
0.164731287 -0.103300199
0.09602976 -0.0865712053
5.06560687e-05 -0.141780801
0.140831546 -0.270797318
0.191378603 -0.0837433768
0.0708185182 -0.0656706536
-0.012420878 -0.115858883
0.025215106 -0.198010367
-0.0046220261 -0.189759602
0.0422037427 -0.262480538
0.0274985442 -0.230704576
0.0654382655 -0.291106138
0.0630140754 -0.261792239
0.119304096 -0.279781298
0.0568327943 -0.206569566
0.0533598443 -0.278904225
0.0171732656 -0.261836447
0.0496114342 -0.34611138
0.0549066363 -0.316977764
0.0854662967 -0.357362263
0.0801691821 -0.343514016
0.156082772 -0.336910627
0.0543799976 -0.250070366
0.0482038745 -0.34657166
0.00648133355 -0.328386205
0.0393661266 -0.427981995
0.0430708059 -0.403209296
0.0883367814 -0.452019249
0.0580128685 -0.417205806
0.104523076 -0.485800584
0.0988963918 -0.452802805
0.173082083 -0.465981563
0.0606155356 -0.371999286
0.0534164511 -0.543053344
0.123797175 -0.526576548
0.153062054 -0.521797564
0.0675226291 -0.563712818
0.292382446 -0.702683623
0.349874477 -0.431541668
0.23626677 -0.420707948
0.128477796 -0.405886063
0.128273049 -0.583888948
0.231309191 -0.610685234
0.424484383 -0.56526957
0.305283429 -0.264474377
0.094730673 -0.400326474
0.0270091807 -0.491649566
0.132185932 -0.800621464
0.456489447 -0.67243619
0.448698412 -0.528288225
0.470147941 -0.385106284
0.332070636 -0.299256038
0.252840552 -0.313322995
0.187287173 -0.328730811
0.128093711 -0.385161027
0.141381541 -0.427788522
0.0883512377 -0.468549138
0.174901641 -0.530993166
0.081206036 -0.461374199
0.0887317042 -0.749867022
0.472198765 -0.685201594
0.398983809 -0.317606256
0.145054925 -0.394604973
0.20300528 -0.441580222
0.0658599256 -0.495604502
0.275904668 -0.637961139
0.292874299 -0.377036845
0.114456682 -0.410971903
0.0830223469 -0.494368498
0.12337467 -0.55545432
0.135539684 -0.546713947
0.143351449 -0.540030842
0.0848875826 -0.564052059
0.0995213122 -0.602600679
0.0509053518 -0.750111756
0.39478411 -0.803910558
0.380318255 -0.471547623
0.260982758 -0.459160875
0.13650252 -0.421020713
0.114441896 -0.544494166
0.113319325 -0.516469121
0.0988423646 -0.548919795
0.0244956499 -0.559882414
0.0645715337 -0.672308739
0.0879048564 -0.665239675
0.16053435 -0.657101634
0.0278389002 -0.606758638
0.104289242 -0.794692189
0.179416083 -0.67166618
0.149811033 -0.691085431
0.127446898 -0.648328234
0.12546245 -0.702522674
0.0933925284 -0.658176736
0.0710028075 -0.779456376
0.200250031 -0.784128304
0.216284004 -0.642880716
0.0380766575 -0.668557946
0.144260909 -0.797443735
0.163097561 -0.699370517
0.154549317 -0.670456093
0.0061520255 -0.663412762
0.072356107 -0.80831315
0.0501278911 -0.743599696
0.095013259 -0.856296316
0.12896835 -0.762225602
0.109463778 -0.775631624
0.0487826672 -0.741539534
0.0524679418 -0.815129069
0.00871093867 -0.796982527
0.0438768837 -0.88507041
0.0232803155 -0.847453833
0.0633715134 -0.914629741
0.0111575103 -0.853973434
0.0247327267 -0.982561155
0.0631490599 -0.94133277
0.08666927 -0.971738022
0.0440748261 -0.92782685
0.0678783745 -1.00388443
0.0205553419 -0.964965288
0.0671943171 -1.10775082
0.150331654 -1.01736996
0.117674927 -0.977145506
-0.00921128217 -0.974785317
0.0216087593 -1.13020597
0.0338175826 -1.1144168
0.0876247992 -1.19719549
0.0626785267 -1.18340637
0.213761416 -1.29767017
0.207037539 -1.07080935
0.074192404 -1.18753042
0.0340944345 -1.25066505
0.164259437 -1.52830818
0.422481927 -1.3515522
0.315385762 -1.31041924
0.362546664 -1.4038944
0.607804181 -1.46116663
0.726025484 -1.10604933
0.508247123 -1.10049474
0.67880489 -1.0722198
0.557209191 -0.787139453
0.244513768 -0.842954333
0.250468875 -1.09562177
0.378265598 -1.07094394
0.348755223 -1.04806947
0.354714846 -1.0403711
0.317745705 -1.03806632
0.312245961 -1.06884696
0.309044938 -1.04403339
0.203384326 -1.08496302
0.223441859 -1.25578226
0.401338367 -1.35492395
0.628238466 -1.20375528
0.544094276 -0.97446914
0.418943573 -0.925681837
0.251207472 -0.967051896
0.243487289 -1.1252219
0.322327617 -1.21792222
0.468592912 -1.12237762
0.262798484 -1.09462562
0.442289394 -1.35505529
0.695087412 -1.13663131
0.640719853 -0.821175575
0.218120073 -0.761620459
0.237588703 -1.15827661
0.479445904 -1.01818978
0.323738535 -0.857839312
0.132365919 -0.987038926
0.26604784 -1.14075387
0.268170613 -1.02656914
0.202393446 -1.11538091
0.264888372 -1.21623901
0.48273328 -1.15062078
0.360233575 -0.913567893
0.273648738 -0.985467156
0.190570914 -0.917945492
0.10567189 -1.03342891
0.0737777243 -1.06414766
0.0701530268 -1.20626163
0.1857928 -1.24828241
0.27747111 -1.14078607
0.111395056 -1.05892178
0.0910716057 -1.17381086
0.0224476253 -1.17948866
0.0453565142 -1.31350686
0.0224972279 -1.36278222
0.198308288 -1.5440778
0.392361672 -1.38127401
0.40604542 -1.17902023
0.117977146 -1.04523074
0.0467973872 -1.32697821
0.150290016 -1.28247553
0.0684532282 -1.3346669
0.130481492 -1.4098185
0.191659278 -1.34435387
0.0542132553 -1.34395075
0.116123301 -1.46765224
0.0999289657 -1.45979821
0.210649478 -1.52515736
0.155280244 -1.42623537
0.207242082 -1.54142912
0.208390741 -1.4087079
0.139225598 -1.46747631
0.0672994557 -1.48423938
0.112208755 -1.64974045
0.166063314 -1.60887074
0.163946934 -1.65645931
0.109998337 -1.74574637
0.392989763 -1.8825003
0.314796809 -1.55879281
0.188331683 -2.0060254
0.803788486 -1.94166671
0.729700234 -1.44028219
0.44699471 -1.47850858
0.544895525 -1.56444138
0.496793018 -1.39763205
0.330876848 -1.44933594
0.244184394 -1.64632283
0.556930725 -1.89633423
0.904416518 -1.5146978
0.574966287 -1.11803102
0.196476279 -1.37100621
0.37291642 -1.59921399
0.406672074 -1.60968397
0.661366988 -1.63167617
0.64031682 -1.32631762
0.522761135 -1.26983121
0.287556858 -1.22886532
0.251555514 -1.47044613
0.287929631 -1.5370494
0.530531536 -1.61647977
0.505381117 -1.28082804
0.319250163 -1.38761798
0.336437852 -1.39825541
0.371277808 -1.43974745
0.302011935 -1.30944771
0.206023296 -1.47312224
0.315692252 -1.48916076
0.3627668 -1.41714681
0.219984595 -1.31138844
0.157480581 -1.43493429
0.0862834805 -1.45583293
0.201572696 -1.64061777
0.266787834 -1.41228325
0.07938274 -1.45261471
0.00587927491 -1.52006552
0.0453632076 -1.72591765
0.177991609 -1.6482156
0.119559352 -1.6481229
0.103537402 -1.64973607
0.0957976007 -1.7283381
0.132068708 -1.72574713
0.143616771 -1.71963147
0.03309228 -1.73543205
0.145158391 -1.92358139
0.226290134 -1.77460034
0.180798977 -1.84002851
0.262899947 -1.76621135
0.179330668 -1.69649773
END
